curve = [0.121429, 0.083318, 0.054794, 0.054794, 0.054794, 0.054206, 0.054206, 0.054206, 0.054206, 0.054206, 0.054206, 0.054206, 0.054206, 0.054206, 0.054206, 0.054206, 0.054206, 0.054206, 0.054206, 0.054206, 0.054206, 0.054206, 0.054206, 0.054206, 0.054206, 0.054206, 0.054206, 0.054206, 0.054206, 0.054206, 0.054206, 0.054206, 0.054206, 0.054206, 0.054206, 0.054206, 0.054206, 0.054206, 0.054206, 0.054206, 0.054206, 0.053618, 0.053618, 0.053618, 0.053618, 0.053618, 0.053618, 0.053618, 0.043718, 0.043718, 0.043718, 0.043718, 0.043718, 0.043718, 0.043718, 0.043718, 0.043718, 0.043718, 0.043718, 0.043718, 0.043718, 0.043718, 0.043718, 0.043718, 0.043718, 0.043718, 0.043718, 0.043718, 0.043718, 0.043718, 0.043718, 0.043718, 0.043718, 0.043718, 0.043718, 0.043718, 0.043718, 0.043718, 0.043718, 0.043718, 0.043718, 0.043718, 0.043718, 0.043718, 0.043718, 0.043718, 0.043718, 0.043718, 0.043718, 0.043718, 0.043718, 0.043718, 0.043718, 0.043718, 0.043718, 0.043718, 0.043718, 0.043718, 0.043718, 0.043718];

B_Curves_T = [ 0.074594, 0.074594, 0.074594, 0.074594, 0.074594, 0.074594, 0.074594, 0.074594, 0.074594, 0.074594, 0.074594, 0.074594, 0.074594, 0.074594, 0.074594, 0.074594, 0.074594, 0.074594, 0.074594, 0.074594, 0.074594, 0.074594, 0.074594, 0.074594, 0.074594, 0.074594, 0.074594, 0.074594, 0.074594, 0.074594, 0.074594, 0.074594, 0.074594, 0.074594, 0.074594, 0.074594, 0.074594, 0.074594, 0.074594, 0.074594, 0.074594, 0.074594, 0.074594, 0.074594, 0.074594, 0.074594, 0.074594, 0.074594, 0.074594, 0.074594, 0.074594, 0.074594, 0.074594, 0.074594, 0.074594, 0.074594, 0.074594, 0.074594, 0.074594, 0.074594, 0.074594, 0.074594, 0.074594, 0.074594, 0.074594, 0.074594, 0.074594, 0.074594, 0.074594, 0.074594, 0.074594, 0.074594, 0.074594, 0.074594, 0.074594, 0.062029, 0.062029, 0.062029, 0.062029, 0.062029, 0.062029, 0.062029, 0.062029, 0.062029, 0.062029, 0.062029, 0.062029, 0.062029, 0.062029, 0.062029, 0.062029, 0.062029, 0.062029, 0.062029, 0.062029, 0.062029, 0.062029, 0.062029, 0.062029, 0.062029;
0.065282, 0.065282, 0.065282, 0.065282, 0.065282, 0.065282, 0.065282, 0.065282, 0.065282, 0.065282, 0.065282, 0.065282, 0.065282, 0.065282, 0.065282, 0.065282, 0.065282, 0.065282, 0.065282, 0.065282, 0.065282, 0.065282, 0.065282, 0.065282, 0.065282, 0.065282, 0.065282, 0.065282, 0.065282, 0.065282, 0.065282, 0.065282, 0.065282, 0.065282, 0.065282, 0.065282, 0.065282, 0.065282, 0.065282, 0.065282, 0.065282, 0.065282, 0.065282, 0.065282, 0.065282, 0.065282, 0.065282, 0.065282, 0.065282, 0.065282, 0.065282, 0.065282, 0.065282, 0.065282, 0.065282, 0.065282, 0.065282, 0.065282, 0.065282, 0.065282, 0.065282, 0.065282, 0.064106, 0.064106, 0.064106, 0.064106, 0.064106, 0.064106, 0.064106, 0.064106, 0.064106, 0.064106, 0.064106, 0.064106, 0.064106, 0.064106, 0.064106, 0.064106, 0.064106, 0.064106, 0.064106, 0.064106, 0.064106, 0.064106, 0.064106, 0.064106, 0.064106, 0.064106, 0.064106, 0.064106, 0.064106, 0.064106, 0.064106, 0.064106, 0.064106, 0.064106, 0.064106, 0.064106, 0.064106, 0.064106;
0.111841, 0.111841, 0.111841, 0.111841, 0.111841, 0.111841, 0.111841, 0.111841, 0.111841, 0.111841, 0.111841, 0.111841, 0.111841, 0.111841, 0.111841, 0.111841, 0.111841, 0.111841, 0.111841, 0.111841, 0.111841, 0.111841, 0.111841, 0.111841, 0.111841, 0.111841, 0.111841, 0.111841, 0.111841, 0.111841, 0.111841, 0.111841, 0.111841, 0.111841, 0.111841, 0.111841, 0.111841, 0.111841, 0.111841, 0.111841, 0.111841, 0.111841, 0.111841, 0.111841, 0.111841, 0.111841, 0.111841, 0.111841, 0.111841, 0.111841, 0.111841, 0.111841, 0.111841, 0.111841, 0.111841, 0.111841, 0.111841, 0.111841, 0.111841, 0.111841, 0.111841, 0.111841, 0.111841, 0.111841, 0.111841, 0.111841, 0.111841, 0.111841, 0.111841, 0.111841, 0.111841, 0.111841, 0.111841, 0.111841, 0.111841, 0.111841, 0.111841, 0.111841, 0.111841, 0.111841, 0.111841, 0.111841, 0.111841, 0.111841, 0.111841, 0.111841, 0.111841, 0.111841, 0.111841, 0.111841, 0.111841, 0.111841, 0.111841, 0.111841, 0.111841, 0.111841, 0.111841, 0.111841, 0.111841, 0.111841;
0.075182, 0.075182, 0.075182, 0.075182, 0.075182, 0.075182, 0.075182, 0.075182, 0.075182, 0.075182, 0.075182, 0.075182, 0.075182, 0.075182, 0.075182, 0.075182, 0.075182, 0.075182, 0.075182, 0.075182, 0.075182, 0.075182, 0.075182, 0.075182, 0.075182, 0.075182, 0.075182, 0.075182, 0.075182, 0.075182, 0.075182, 0.075182, 0.075182, 0.075182, 0.075182, 0.075182, 0.075182, 0.075182, 0.075182, 0.075182, 0.075182, 0.075182, 0.075182, 0.075182, 0.075182, 0.075182, 0.075182, 0.075182, 0.075182, 0.075182, 0.075182, 0.075182, 0.075182, 0.075182, 0.075182, 0.075182, 0.075182, 0.075182, 0.075182, 0.075182, 0.075182, 0.075182, 0.075182, 0.075182, 0.075182, 0.075182, 0.075182, 0.075182, 0.075182, 0.075182, 0.075182, 0.075182, 0.075182, 0.075182, 0.071929, 0.071929, 0.071929, 0.071929, 0.071929, 0.071929, 0.071929, 0.071929, 0.071929, 0.071929, 0.071929, 0.071929, 0.071341, 0.071341, 0.071341, 0.071341, 0.071341, 0.071341, 0.071341, 0.071341, 0.071341, 0.071341, 0.071341, 0.071341, 0.071341, 0.071341;
0.055971, 0.055971, 0.055971, 0.055971, 0.055971, 0.055971, 0.055971, 0.055971, 0.055971, 0.055971, 0.055971, 0.055971, 0.055971, 0.055971, 0.055971, 0.055971, 0.055971, 0.055971, 0.055971, 0.055971, 0.055971, 0.055971, 0.055971, 0.055971, 0.055971, 0.055971, 0.055971, 0.055971, 0.055971, 0.055971, 0.055971, 0.055971, 0.055971, 0.055971, 0.055971, 0.055971, 0.055971, 0.055971, 0.055971, 0.055971, 0.055971, 0.055971, 0.055971, 0.055971, 0.055971, 0.055971, 0.055971, 0.055971, 0.055971, 0.055971, 0.055971, 0.055971, 0.055971, 0.055971, 0.055971, 0.055971, 0.055971, 0.055971, 0.055971, 0.055971, 0.055971, 0.055971, 0.055971, 0.055971, 0.055971, 0.055971, 0.055971, 0.055971, 0.055971, 0.055971, 0.055971, 0.055971, 0.055971, 0.055971, 0.055971, 0.055971, 0.055971, 0.055971, 0.055971, 0.055971, 0.055971, 0.055971, 0.055971, 0.055971, 0.055971, 0.055971, 0.055971, 0.055971, 0.055971, 0.055971, 0.055971, 0.055971, 0.055971, 0.055971, 0.055971, 0.055971, 0.055971, 0.055971, 0.055971, 0.055971;
0.093494, 0.093494, 0.093494, 0.093494, 0.093494, 0.093494, 0.093494, 0.093494, 0.093494, 0.093494, 0.093494, 0.093494, 0.093494, 0.093494, 0.093494, 0.093494, 0.093494, 0.093494, 0.093494, 0.093494, 0.093494, 0.093494, 0.093494, 0.093494, 0.093494, 0.093494, 0.093494, 0.093494, 0.093494, 0.093494, 0.093494, 0.093494, 0.093494, 0.093494, 0.093494, 0.093494, 0.093494, 0.093494, 0.093494, 0.093494, 0.080653, 0.080653, 0.080653, 0.080653, 0.080653, 0.080653, 0.080653, 0.080653, 0.080653, 0.080653, 0.080653, 0.080653, 0.080653, 0.080653, 0.080653, 0.080653, 0.080653, 0.080653, 0.080653, 0.080653, 0.080653, 0.080653, 0.080653, 0.080653, 0.080653, 0.080653, 0.080653, 0.080653, 0.080653, 0.080653, 0.080653, 0.080653, 0.080653, 0.080653, 0.080653, 0.080653, 0.080653, 0.080653, 0.080653, 0.080653, 0.080653, 0.080653, 0.080653, 0.080653, 0.080653, 0.080653, 0.080653, 0.080653, 0.080653, 0.080653, 0.080653, 0.080653, 0.080653, 0.080653, 0.080653, 0.080653, 0.080653, 0.080653, 0.080653, 0.080653;
